image_width: 1280
image_height: 720
camera_name: narrow_stereo
camera_matrix:
  rows: 3
  cols: 3
  data: [1693.97582,    0.     ,  646.47265,
            0.     , 1693.5945 ,  395.57069,
            0.     ,    0.     ,    1.     ]
distortion_model: plumb_bob
distortion_coefficients:
  rows: 1
  cols: 5
  data: [-0.089796, 0.259857, 0.000694, -0.001476, 0.000000]
rectification_matrix:
  rows: 3
  cols: 3
  data: [1., 0., 0.,
         0., 1., 0.,
         0., 0., 1.]
projection_matrix:
  rows: 3
  cols: 4
  data: [1681.49163,    0.     ,  645.33229,    0.     ,
            0.     , 1687.34503,  395.94589,    0.     ,
            0.     ,    0.     ,    1.     ,    0.     ]
